results/DN161031_01_triangulation_all_timesteps_darkflight_1796g_1200Wind_raw_1.78_run0.ecsv
# %ECSV 0.9
# ---
# datatype:
# - {name: datetime, datatype: string}
# - {name: JD, unit: d, datatype: float64}
# - {name: weight, datatype: float64}
# - {name: mass0, unit: kg, datatype: float64}
# - {name: mass, unit: kg, datatype: float64}
# - {name: rho, unit: kg / m3, datatype: float64}
# - {name: shape, datatype: float64}
# - {name: c_ml, unit: s2 / m2, datatype: float64}
# - {name: latitude, datatype: float64}
# - {name: longitude, datatype: float64}
# - {name: height, unit: m, datatype: float64}
# - {name: X_geo, unit: m, datatype: float64}
# - {name: Y_geo, unit: m, datatype: float64}
# - {name: Z_geo, unit: m, datatype: float64}
# - {name: DX_DT_geo, unit: m / s, datatype: float64}
# - {name: DY_DT_geo, unit: m / s, datatype: float64}
# - {name: DZ_DT_geo, unit: m / s, datatype: float64}
# - {name: D_DT_geo, unit: m / s, datatype: float64}
# delimiter: ','
# meta: !!omap
# - {WindFile: '/home/trent/dfn_events/events_trello/DN161031_01/WRF/wrfout_d03_2016-10-31_12:00:00'}
# - {shape: '1.78'}
# schema: astropy-2.0
datetime,JD,weight,mass0,mass,rho,shape,c_ml,latitude,longitude,height,X_geo,Y_geo,Z_geo,DX_DT_geo,DY_DT_geo,DZ_DT_geo,D_DT_geo
2016-10-31T12:03:53.826,2457693.0027063196,1.0,1.796,1.796,3500.0,1.78,1.9803636363636362e-08,-29.170430343524995,116.19521347974522,19170.57584110794,-2467772.9836811423,5016234.72180852,-3099753.0498980456,2284.624452296784,-2506.0303023484394,-376.79529664479196,3411.989369839043
2016-10-31T12:03:53.926,2457693.002707477,1.0,1.796,1.757215190182264,3500.0,1.78,1.9803636363636362e-08,-29.172024558193012,116.19431914554494,18924.487552617862,-2467561.70242364,5016002.917753306,-3099787.8530549994,1955.1654808454628,-2145.8113186712926,-321.65462015150115,2920.7259315951414
2016-10-31T12:03:54.090,2457693.0027093757,1.0,1.796,1.719675588047068,3500.0,1.78,1.9803636363636362e-08,-29.17418649125836,116.19310756324671,18590.475803654208,-2467275.1925062477,5015688.281110662,-3099834.8864752348,1562.7092705246755,-1717.1701463238278,-255.88369000982493,2335.853171417802
2016-10-31T12:03:54.317,2457693.0027120044,1.0,1.796,1.6931700664884242,3500.0,1.78,1.9803636363636362e-08,-29.176534579480826,116.19179400669532,18227.12113090651,-2466964.0121056023,5015345.988022733,-3099885.655892599,1204.4052715760513,-1326.5020457962592,-195.6618831870146,1802.354934033286
2016-10-31T12:03:54.610,2457693.0027153916,1.0,1.796,1.6769055778824289,3500.0,1.78,1.9803636363636362e-08,-29.178848937987187,116.19050403129648,17867.990485758248,-2466657.3494291743,5015007.622234579,-3099935.1802185522,914.574702231556,-1011.3140995110389,-146.65343504957855,1371.3899240710512
2016-10-31T12:03:54.986,2457693.002719745,1.0,1.796,1.6672704058277341,3500.0,1.78,1.9803636363636362e-08,-29.18109543379333,116.18925970072446,17517.767658545094,-2466359.755843588,5014677.563734029,-3099982.432149289,686.9186139959759,-764.6618781505196,-107.7908592694439,1033.5297961321085
2016-10-31T12:03:55.447,2457693.002725077,1.0,1.796,1.6618643258717833,3500.0,1.78,1.9803636363636362e-08,-29.18316724542008,116.18812422301951,17192.36538207693,-2466085.447437444,5014370.754071919,-3100024.808196084,518.0170574453095,-582.6239502846614,-78.52150750020519,783.5546990413021
2016-10-31T12:03:56.017,2457693.0027316837,1.0,1.796,1.65875020655263,3500.0,1.78,1.9803636363636362e-08,-29.18510515269868,116.18707946948193,16884.44996685678,-2465829.03313063,5014080.246404195,-3100062.694840901,391.00803662599935,-446.75037198772077,-55.991232245694846,596.3289341174693
2016-10-31T12:03:56.711,2457693.002739705,1.0,1.796,1.6569508712377727,3500.0,1.78,1.9803636363636362e-08,-29.186890072372385,116.18614081598648,16595.779897912038,-2465592.989524062,5013807.685981076,-3100095.1023492427,298.11010353711555,-348.4391195956447,-38.854956661351025,460.20556445207524
2016-10-31T12:03:57.533,2457693.002749219,1.0,1.796,1.6558726985152927,3500.0,1.78,1.9803636363636362e-08,-29.188521729813928,116.18531294204425,16325.003020467631,-2465377.2088589272,5013551.826802805,-3100121.3490056265,232.66662016647513,-280.36282097503033,-25.95332179404795,365.25421617951673
2016-10-31T12:03:58.514,2457693.0027605826,1.0,1.796,1.6551600562210123,3500.0,1.78,1.9803636363636362e-08,-29.190060943292202,116.18456929253217,16060.17654527434,-2465173.309870365,5013301.498745238,-3100141.5140041285,186.73824379230223,-233.91132734997234,-15.771215327084064,299.7238929250594
2016-10-31T12:03:59.734,2457693.0027746963,1.0,1.796,1.6546236453634984,3500.0,1.78,1.9803636363636362e-08,-29.19160166155352,116.18387209796799,15781.434340218599,-2464968.0871384353,5013038.195377872,-3100155.0231990404,152.6422872622262,-200.95506975952856,-6.845335077028722,252.4469578644547
2016-10-31T12:04:01.298,2457693.0027928036,1.0,1.796,1.6541788913706073,3500.0,1.78,1.9803636363636362e-08,-29.193203388426586,116.1832136392616,15470.36278799534,-2464752.3495679745,5012744.93043963,-3100158.6658763564,125.14379194737876,-176.06894264121357,1.8247819542884827,216.01983949384018
2016-10-31T12:04:03.194,2457693.002814747,1.0,1.796,1.653812259368497,3500.0,1.78,1.9803636363636362e-08,-29.194768528817782,116.18266156028105,15135.319569820813,-2464537.5687712156,5012430.089129399,-3100147.0495715425,102.81135511046347,-157.50642231020052,10.118716460186988,188.36357458757973
2016-10-31T12:04:05.550,2457693.0028420193,1.0,1.796,1.6534880883968033,3500.0,1.78,1.9803636363636362e-08,-29.19631488065244,116.18225042370227,14758.373004438165,-2464319.4350084653,5012077.27372257,-3100113.1522392305,83.47147207415469,-143.1011262228808,18.33146796328947,166.67771804945122
2016-10-31T12:04:08.125,2457693.0028718193,1.0,1.796,1.6532205994753564,3500.0,1.78,1.9803636363636362e-08,-29.1976439290781,116.18206742171802,14377.944351390728,-2464125.118973969,5011722.489510828,-3100056.463259102,68.25509349168073,-133.23527490031756,25.421915465500206,151.8442295619307
2016-10-31T12:04:11.190,2457693.002907293,1.0,1.796,1.6529644353234692,3500.0,1.78,1.9803636363636362e-08,-29.198874805901397,116.18213358396054,13952.214629480644,-2463937.499970802,5011326.2810040265,-3099968.137922887,54.82582912934248,-125.90317572626634,31.89155974285677,140.97713566572122
2016-10-31T12:04:15.026,2457693.0029516877,1.0,1.796,1.652693722877118,3500.0,1.78,1.9803636363636362e-08,-29.20003865978624,116.1825638735649,13446.275883987577,-2463752.4374556243,5010854.848087772,-3099834.1658775136,42.27356984093751,-120.3933433523867,37.556847432628274,133.01176120832326
2016-10-31T12:04:19.638,2457693.0030050715,1.0,1.796,1.6524054562328452,3500.0,1.78,1.9803636363636362e-08,-29.201072167716294,116.18349033158798,12864.942754831009,-2463584.8369034817,5010309.369819444,-3099650.7544827657,30.94500246272503,-116.46275235350427,41.51741234771907,127.4553309643118
2016-10-31T12:04:24.638,2457693.0030629416,1.0,1.796,1.6521173493899843,3500.0,1.78,1.9803636363636362e-08,-29.20192020789099,116.18489231202926,12260.517940711507,-2463454.3408885384,5009734.390155913,-3099438.0785238473,21.69856674000158,-113.67899877023882,43.16886048950255,123.52041562404328
2016-10-31T12:04:29.638,2457693.003120812,1.0,1.796,1.651845099276473,3500.0,1.78,1.9803636363636362e-08,-29.202616712369878,116.18660862869368,11679.646104778454,-2463363.998505734,5009171.728666856,-3099222.189567853,14.79367788763335,-111.40472099549194,42.9494216251187,120.31008928372827
2016-10-31T12:04:34.638,2457693.0031786826,1.0,1.796,1.6515851532844787,3500.0,1.78,1.9803636363636362e-08,-29.203242382633615,116.18854392405703,11121.070845769264,-2463303.0525580077,5008620.57622291,-3099010.3012883505,9.88802485849709,-109.02045360213532,41.691059385892004,117.13828055736336
2016-10-31T12:04:39.638,2457693.0032365527,1.0,1.796,1.651336358723891,3500.0,1.78,1.9803636363636362e-08,-29.20383876349376,116.19060934426918,10583.801996266742,-2463262.357097044,5008081.956459206,-3098805.9593079304,6.641879252102626,-106.3881429094119,40.019190532155335,113.85994520709164
2016-10-31T12:04:44.638,2457693.003294423,1.0,1.796,1.6510980134932767,3500.0,1.78,1.9803636363636362e-08,-29.204422182532173,116.19273022281544,10066.323604241525,-2463234.4099527197,5007557.097180643,-3098610.007495594,4.726696479484758,-103.53004829673355,38.39142487151548,110.52019753691347
2016-10-31T12:04:49.638,2457693.0033522937,1.0,1.796,1.6508691680554006,3500.0,1.78,1.9803636363636362e-08,-29.20499291947436,116.1948492470156,9566.703039848118,-2463213.451328827,5007046.933853782,-3098421.5308116614,3.7902862627562968,-100.52462601634616,37.05502630956471,107.20373911614479
2016-10-31T12:04:54.638,2457693.003410164,1.0,1.796,1.6506487803624255,3500.0,1.78,1.9803636363636362e-08,-29.2055432140049,116.19692788166094,9082.914112393706,-2463195.520267432,5006551.912187694,-3098238.789489379,3.4651188034791858,-97.4867755573992,36.106506718788296,104.01614434468745
2016-10-31T12:04:59.638,2457693.0034680343,1.0,1.796,1.6504357086360497,3500.0,1.78,1.9803636363636362e-08,-29.206062675458213,116.19894335398624,8613.088662948347,-2463178.1578987883,5006072.051853132,-3098059.8661962175,3.5337519786114626,-94.45817880822659,35.51974686374888,100.9776577470385
2016-10-31T12:05:04.638,2457693.003525905,1.0,1.796,1.650228875163974,3500.0,1.78,1.9803636363636362e-08,-29.206541572762973,116.20087934478718,8155.768435590976,-2463159.6118761455,5005607.384047075,-3097883.1077320487,3.9572842474010486,-91.3796115107614,35.22671787813306,98.01436196261231
2016-10-31T12:05:09.638,2457693.003583775,1.0,1.796,1.65002743626485,3500.0,1.78,1.9803636363636362e-08,-29.206971367635166,116.20271493701019,7710.004543235722,-2463137.8962959046,5005158.478566473,-3097707.225188496,4.820145709075746,-88.14113564536711,35.15449062502012,95.01542931869724
2016-10-31T12:05:14.638,2457693.0036416454,1.0,1.796,1.6498308947142817,3500.0,1.78,1.9803636363636362e-08,-29.20734586127875,116.20442274412878,7275.1834342220445,-2463110.533911699,5004726.332222912,-3097531.320053833,6.205387373996189,-84.6932928812385,35.22877341136336,91.93762650622311
2016-10-31T12:05:19.638,2457693.003699516,1.0,1.796,1.6496388450105826,3500.0,1.78,1.9803636363636362e-08,-29.20766206429502,116.20597233896046,6850.8176551179085,-2463074.7543765446,5004312.015297282,-3097354.8662797837,8.200199940422749,-81.00582737915363,35.362010390497744,88.76744407327394
2016-10-31T12:05:24.638,2457693.003757386,1.0,1.796,1.6494513190182143,3500.0,1.78,1.9803636363636362e-08,-29.207920155330665,116.20733554881743,6436.454548380363,-2463027.922528175,5003916.374415742,-3097177.661612431,10.570242574908036,-77.25106357512786,35.517770792357624,85.67945432622278
2016-10-31T12:05:29.638,2457693.0038152565,1.0,1.796,1.6492683192877657,3500.0,1.78,1.9803636363636362e-08,-29.208122535478548,116.2085020666497,6031.570703215158,-2462968.883447617,5003539.32475245,-3096999.684413913,13.019370259041978,-73.60936796424588,35.66647979058325,82.82475979252737
2016-10-31T12:05:34.638,2457693.003873127,1.0,1.796,1.6490897709765289,3500.0,1.78,1.9803636363636362e-08,-29.208273599124215,116.20948123835014,5635.58363486444,-2462898.127873853,5003179.79356152,-3096821.077107384,15.243848539065198,-70.25359089817175,35.771796205081046,80.29672070581395
2016-10-31T12:05:39.638,2457693.003930997,1.0,1.796,1.648915453075182,3500.0,1.78,1.9803636363636362e-08,-29.208379120091593,116.21029411101853,5247.90280912629,-2462817.131638988,5002836.131889569,-3096642.1115879435,17.09013532051148,-67.27527982468675,35.8004147214815,78.10061264160076
2016-10-31T12:05:44.638,2457693.0039888676,1.0,1.796,1.648745023601959,3500.0,1.78,1.9803636363636362e-08,-29.208445937882637,116.21096683534056,4867.987544376984,-2462727.8091699746,5002506.458860301,-3096463.1870715665,18.56584306619908,-64.65392758158262,35.749089835677296,76.17623188739772
2016-10-31T12:05:49.638,2457693.004046738,1.0,1.796,1.6485781698755844,3500.0,1.78,1.9803636363636362e-08,-29.20848088300214,116.21152475717744,4495.457117474079,-2462632.065737744,5002189.05411574,-3096284.779764331,19.686033968633808,-62.3540014541984,35.60548138618469,74.45341990470502
2016-10-31T12:05:54.638,2457693.004104608,1.0,1.796,1.648414601826073,3500.0,1.78,1.9803636363636362e-08,-29.208488521541323,116.21198753971672,4129.992445363991,-2462531.387739497,5001882.60000233,-3096107.1765530747,20.555547712449368,-60.25252422518392,35.43645224021748,72.86041013224103
2016-10-31T12:05:59.638,2457693.0041624787,1.0,1.796,1.6482542130944622,3500.0,1.78,1.9803636363636362e-08,-29.20847145382261,116.21236791428835,3771.333592501367,-2462426.725750555,5001586.218736873,-3095930.5027715224,21.307128736493326,-58.349016807659865,35.16381752490997,71.3799380802424
2016-10-31T12:06:04.638,2457693.0042203492,1.0,1.796,1.6480968266406986,3500.0,1.78,1.9803636363636362e-08,-29.208446546436097,116.21267332632286,3419.261647057541,-2462318.2434090865,5001298.59929682,-3095756.284646003,22.09443412267882,-56.744263024104185,34.46740791993216,69.9719773485723
2016-10-31T12:06:09.638,2457693.0042782193,1.0,1.796,1.6479422282191458,3500.0,1.78,1.9803636363636362e-08,-29.20843874866035,116.21290361607504,3073.537176491903,-2462205.2392911776,5001018.349253449,-3095586.820366571,23.20131601088741,-55.3942661105786,33.18888184800744,68.61725483351586
2016-10-31T12:06:14.638,2457693.00433609,1.0,1.796,1.6477903379537724,3500.0,1.78,1.9803636363636362e-08,-29.2084814779561,116.21304433070473,2733.9638125499287,-2462085.5787396557,5000744.313258347,-3095425.2482332285,24.705496141196193,-54.23460921192847,31.41249004099518,67.36838209819855
2016-10-31T12:06:19.638,2457693.0043939603,1.0,1.796,1.6476412076714975,3500.0,1.78,1.9803636363636362e-08,-29.208583210610087,116.2130845580229,2400.1432593977565,-2461957.9547350267,5000476.2366347,-3095272.193459228,26.350016062192594,-52.97285518421609,29.874015879817307,66.27898277458182
2016-10-31T12:06:24.638,2457693.0044518304,1.0,1.796,1.6474947514409148,3500.0,1.78,1.9803636363636362e-08,-29.20871793361494,116.21302301257369,2071.6167181796104,-2461822.7015166846,5000215.0777972415,-3095124.9137947643,27.650377001976324,-51.41941134706687,29.258023055270314,65.3033775905429
2016-10-31T12:06:29.638,2457693.004509701,1.0,1.796,1.6473505132428867,3500.0,1.78,1.9803636363636362e-08,-29.20882317797906,116.2128758848775,1748.0580602740442,-2461682.600602039,4999962.9174676435,-3094977.204349242,28.287376112192135,-49.36182972040217,30.044532582629472,64.33847852387622
2016-10-31T12:06:34.638,2457693.0045675715,1.0,1.796,1.647208136597141,3500.0,1.78,1.9803636363636362e-08,-29.208830550626036,116.21266006314855,1429.3976716259317,-2461540.7341946014,4999722.294380389,-3094822.413398993,28.39021959864806,-46.822045289493815,32.034832470119,63.43925429368996
2016-10-31T12:06:39.638,2457693.0046254415,1.0,1.796,1.6470676709221204,3500.0,1.78,1.9803636363636362e-08,-29.20868930086026,116.21238619252317,1115.5730937810692,-2461399.220197435,4999495.164320316,-3094655.601115987,28.161715255217246,-44.01184605057023,34.77477134997025,62.76471557601246
2016-10-31T12:06:44.638,2457693.004683312,1.0,1.796,1.646929295236471,3500.0,1.78,1.9803636363636362e-08,-29.20837336808847,116.21206854779393,806.3886599611255,-2461259.85135116,4999282.024134475,-3094474.152478763,27.466262753806006,-41.31672255345521,37.80320922099054,62.37427177632048
2016-10-31T12:06:49.638,2457693.0047411826,1.0,1.796,1.6467933801401096,3500.0,1.78,1.9803636363636362e-08,-29.207902530683036,116.2117559899974,501.58431383430985,-2461126.3175737537,4999079.60985511,-3094279.856472708,25.776848443531264,-40.04803995361968,39.3919147355482,61.8062647823034
2016-10-31T12:06:53.121,2457693.0047814897,1.0,1.796,1.6467002831505249,3500.0,1.78,1.9803636363636362e-08,-29.20757457654556,116.2115991573794,292.2911580388543,-2461039.7803113856,4998938.364222162,-3094145.9956531264,24.600681574874727,-40.77161655861045,38.11267627449706,60.992576134767006
