results/DN161031_01_triangulation_all_timesteps_darkflight_fall_line_1200Wind_raw_1.78_run0.ecsv
# %ECSV 0.9
# ---
# datatype:
# - {name: datetime, datatype: string}
# - {name: JD, unit: d, datatype: float64}
# - {name: weight, datatype: float64}
# - {name: mass0, unit: kg, datatype: float64}
# - {name: mass, unit: kg, datatype: float64}
# - {name: rho, unit: kg / m3, datatype: float64}
# - {name: shape, datatype: float64}
# - {name: c_ml, unit: s2 / m2, datatype: float64}
# - {name: latitude, datatype: float64}
# - {name: longitude, datatype: float64}
# - {name: height, unit: m, datatype: float64}
# - {name: X_geo, unit: m, datatype: float64}
# - {name: Y_geo, unit: m, datatype: float64}
# - {name: Z_geo, unit: m, datatype: float64}
# - {name: DX_DT_geo, unit: m / s, datatype: float64}
# - {name: DY_DT_geo, unit: m / s, datatype: float64}
# - {name: DZ_DT_geo, unit: m / s, datatype: float64}
# - {name: D_DT_geo, unit: m / s, datatype: float64}
# delimiter: ','
# meta: !!omap
# - {WindFile: '/home/trent/dfn_events/events_trello/DN161031_01/WRF/wrfout_d03_2016-10-31_12:00:00'}
# - {shape: '1.78'}
# schema: astropy-2.0
datetime,JD,weight,mass0,mass,rho,shape,c_ml,latitude,longitude,height,X_geo,Y_geo,Z_geo,DX_DT_geo,DY_DT_geo,DZ_DT_geo,D_DT_geo
2016-10-31T12:09:39.421,2457693.0067062587,1.0,0.049999999999999996,0.045850832672143356,3500.0,1.78,1.9803636363636362e-08,-29.192414334805154,116.25301460897302,292.1909224000076,-2465015.1428122246,4997893.299020275,-3092679.0670791278,12.876170592332016,-20.856204497696012,23.5472782230936,33.988988612318686
2016-10-31T12:09:15.685,2457693.006431538,1.0,0.07454880229115493,0.06834812717454553,3500.0,1.78,1.9803636363636362e-08,-29.193446691391443,116.24766652227017,292.2569545606302,-2464523.9618541813,4998073.358875574,-3092778.9951622095,13.93739438301742,-22.190626127861805,25.33241973258555,36.44730908643597
2016-10-31T12:08:53.449,2457693.0061741816,1.0,0.11115047846091416,0.10189724665597175,3500.0,1.78,1.9803636363636362e-08,-29.194630763792375,116.24253956795197,292.2636129622176,-2464048.4086550996,4998236.455147088,-3092893.573831891,15.04432679916141,-23.716020103861666,27.095666097011417,39.02507526767208
2016-10-31T12:08:32.632,2457693.005933245,1.0,0.16572270086699936,0.15192313355844062,3500.0,1.78,1.9803636363636362e-08,-29.1959984134707,116.23762563365926,292.2374240042347,-2463587.027608554,4998381.415885826,-3093025.8985044514,15.97801451922004,-26.01087424642938,27.821910093538463,41.30279903702541
2016-10-31T12:08:13.123,2457693.005707448,1.0,0.24708857724180294,0.2265150810257644,3500.0,1.78,1.9803636363636362e-08,-29.19751338805227,116.23289527619463,292.27262814964354,-2463138.156264633,4998511.341862727,-3093172.506648073,17.184872709756178,-27.97826627560613,29.43427147483453,44.09625348137299
2016-10-31T12:07:54.853,2457693.005495981,1.0,0.36840314986403866,0.3377349014943759,3500.0,1.78,1.9803636363636362e-08,-29.19919095751842,116.22833339730255,292.2672623486535,-2462700.0756567977,4998626.063911053,-3093334.8254119675,18.486976151009173,-30.12223608850752,31.14973260834813,47.11075499024988
2016-10-31T12:07:37.744,2457693.005297963,1.0,0.549280271653059,0.5035676956224324,3500.0,1.78,1.9803636363636362e-08,-29.20103681241612,116.2239225327634,292.27088071568335,-2462271.1475599823,4998726.096983661,-3093513.4288109657,19.994962135743265,-32.29012504245574,33.19290021201596,50.44025486208494
2016-10-31T12:07:21.716,2457693.0051124594,1.0,0.8189637274779156,0.7508301900581612,3500.0,1.78,1.9803636363636362e-08,-29.20304730332237,116.2196391750336,292.2945199002309,-2461849.414477044,4998812.637884606,-3093707.968262745,21.49648246493706,-34.60875386105678,35.39337705867365,53.96809929762216
2016-10-31T12:07:06.716,2457693.0049388385,1.0,1.2210553000675683,1.1195083218860133,3500.0,1.78,1.9803636363636362e-08,-29.205263318635726,116.21549996951539,292.28657949759884,-2461435.333487953,4998882.947551629,-3093922.3737620707,22.975774538511132,-37.781472171236345,36.43941112048924,57.298835397226334
2016-10-31T12:06:52.654,2457693.0047760922,1.0,1.8205642030260805,1.6692245282356586,3500.0,1.78,1.9803636363636362e-08,-29.207654390203558,116.21145707194734,292.307059879405,-2461025.4829894183,4998940.606547354,-3094153.7254839097,24.57269946117259,-40.89681035457505,38.07679976290092,61.04268454263165
2016-10-31T12:06:39.487,2457693.0046236897,1.0,2.7144176165949068,2.4888803115054166,3500.0,1.78,1.9803636363636362e-08,-29.21023990754804,116.20752455974498,292.2984592422627,-2460620.6070023715,4998984.023514186,-3094403.8701154636,26.464881000877313,-44.21271892495611,40.03918954823166,65.25558321559154
2016-10-31T12:06:27.140,2457693.0044807885,1.0,4.047131644703236,3.7110370551587524,3500.0,1.78,1.9803636363636362e-08,-29.212993731116125,116.20364873350267,292.3307873997579,-2460216.6727678785,4999016.826941137,-3094670.311516122,28.452639070225587,-47.32881052722186,42.9131240285933,69.93643678280748
2016-10-31T12:06:15.591,2457693.004347115,1.0,6.034176336545168,5.533391095679337,3500.0,1.78,1.9803636363636362e-08,-29.215956388193018,116.19985469591268,292.32567541363886,-2459814.872930061,4999035.908627883,-3094956.930897853,30.49548174979651,-51.275040005300326,44.9839445007965,74.7171961301283
2016-10-31T12:06:04.780,2457693.0042219935,1.0,8.996812374061422,8.250572237766194,3500.0,1.78,1.9803636363636362e-08,-29.219126664575903,116.19610996036465,292.32873767368335,-2459412.420334595,4999042.755634474,-3095263.6313330824,32.50420872924445,-55.70611569715851,46.811417154967785,79.69318469753806
2016-10-31T12:05:54.671,2457693.004104988,1.0,13.414031738490433,12.302167366197507,3500.0,1.78,1.9803636363636362e-08,-29.222493925682304,116.19240272162601,292.33368967430107,-2459008.5370890093,4999038.383148109,-3095589.3791558743,34.55666934373011,-60.67767560205894,48.37789259245619,84.9491860130974
2016-10-31T12:05:45.197,2457693.0039953366,1.0,20.000000000000004,18.343509560603213,3500.0,1.78,1.9803636363636362e-08,-29.22603755723306,116.18870925595267,292.3988354763914,-2458601.6685014605,4999024.852810407,-3095932.206878305,36.74533140182962,-65.55729667212745,50.988367647863925,90.81735606249146
